400 -2.12623e+06
600 -2.01352e+06
800 -1.93731e+06
1000 -1.8617e+06
1200 -1.78824e+06
1400 -1.72579e+06
1600 -1.67543e+06
1800 -1.63618e+06
2000 -1.58793e+06
2200 -1.54992e+06
2400 -1.51607e+06
2600 -1.48042e+06
2800 -1.44432e+06
3000 -1.41512e+06
3200 -1.38566e+06
3400 -1.35707e+06
3600 -1.33886e+06
3800 -1.32016e+06
4000 -1.29546e+06
4200 -1.25766e+06
4400 -1.23256e+06
4600 -1.21466e+06
4800 -1.19226e+06
5000 -1.17351e+06
5200 -1.15301e+06
5400 -1.13905e+06
5600 -1.12405e+06
5800 -1.09785e+06
6000 -1.07565e+06
6200 -1.0479e+06
6400 -1.02974e+06
6600 -1.01249e+06
6800 -995741
7000 -983690
7200 -969888
7400 -957386
7600 -945186
7800 -923486
8000 -910337
8200 -897087
8400 -884986
8600 -870735
8800 -856733
9000 -843031
9200 -830830
9400 -815831
9600 -795630
9800 -780330
10000 -767429
10200 -750929
10400 -735832
10600 -722682
10800 -702281
11000 -694132
11200 -678080
11400 -664480
11600 -653629
11800 -635831
12000 -622280
12200 -611631
12400 -593582
12600 -580032
12800 -565781
13000 -554432
13200 -541182
13400 -519632
13600 -505334
13800 -494233
14000 -483631
14200 -474333
14400 -463633
14600 -450834
14800 -440484
15000 -432186
15200 -421784
15400 -411583
15600 -401733
15800 -392183
16000 -384332
16200 -374831
16400 -362628
16600 -350327
16800 -339828
17000 -329777
17200 -320727
17400 -310778
17600 -300827
17800 -293078
18000 -286675
18200 -279425
18400 -270074
18600 -260124
18800 -252674
19000 -245126
19200 -240575
19400 -230023
19600 -220574
19800 -216171
20000 -210471
20200 -203172
20400 -197474
20600 -192975
20800 -186922
21000 -182723
21200 -178975
21400 -168872
21600 -164972
21800 -160974
22000 -157173
22200 -151621
22400 -146322
22600 -143720
22800 -139271
23000 -134673
23200 -130724
23400 -126325
23600 -121026
23800 -116676
24000 -113528
24200 -111278
24400 -107428
24600 -105628
24800 -100731
25000 -96930.1
25200 -91782.9
25400 -88185.6
25600 -85183.7
25800 -83083.1
26000 -80433
26200 -76534.5
26400 -71982.8
26600 -68534
26800 -66384.2
27000 -63532.4
27200 -59183.1
27400 -56032.7
27600 -53982.1
27800 -52532.6
28000 -49431.2
28200 -47280.8
28400 -44031.6
28600 -42480.7
28800 -39880.7
29000 -37130.8
29200 -33732.3
29400 -31283.1
29600 -29432.2
29800 -27133.3
30000 -25684
30200 -24082.4
30400 -21281.2
30600 -20679
30800 -19026.2
31000 -17425.5
31200 -16626.2
31400 -15425.1
31600 -14673.7
31800 -13872.3
32000 -12622
32200 -11373.2
32400 -10720.8
32600 -10070.5
32800 -9867.82
33000 -8815.67
33200 -8214.61
33400 -7763.62
33600 -7461.13
33800 -6960.21
34000 -6508.79
34200 -6206.53
34400 -6054.02
34600 -5753.31
34800 -5552.09
35000 -5400.31
35200 -5049.4
35400 -4796.87
35600 -4593.96
35800 -4241.3
36000 -4089.45
36200 -3987.85
36400 -3886.97
36600 -3735.17
36800 -3585.15
37000 -3482.68
37200 -3331.46
37400 -3230
37600 -3127.89
37800 -2976.93
38000 -2674.85
38200 -2573.43
38400 -2420.5
38600 -2218.81
38800 -2017.88
39000 -1867.06
39200 -1765.84
39400 -1714.99
39600 -1663.14
39800 -1660.88
40000 -1609.8
40200 -1558.88
40400 -1557.26
40600 -1556.18
40800 -1504.76
41000 -1403.32
41200 -1402.45
41400 -1401.03
41600 -1398.98
41800 -1397.68
42000 -1346.79
42200 -1295.38
42400 -1293.45
42600 -1242.6
42800 -1241.56
43000 -1089.85
43200 -989.37
43400 -987.11
43600 -936.805
43800 -886.055
44000 -884.985
44200 -883.495
44400 -882.32
44600 -881
44800 -880
45000 -878.32
45200 -876.735
45400 -875.775
45600 -875.405
45800 -874.285
46000 -872.47
46200 -821.225
46400 -770.175
46600 -769.51
46800 -768.705
47000 -767.415
47200 -766.575
47400 -764.005
47600 -763.24
47800 -761.89
48000 -760.415
48200 -759.37
48400 -706.975
48600 -706.055
48800 -704.625
49000 -703.715
49200 -702.645
49400 -701.69
49600 -701
49800 -700.145
50000 -698.88
50200 -698.705
50400 -697.125
50600 -696.495
50800 -695.315
51000 -694.285
51200 -693.415
51400 -692.79
51600 -692.38
51800 -691.435
52000 -690.655
52200 -690.145
52400 -688.775
52600 -688.475
52800 -687.95
53000 -687.495
53200 -686.895
53400 -686.17
53600 -685.23
53800 -684.42
54000 -684.05
54200 -682.79
54400 -682.185
54600 -681.4
54800 -680.875
55000 -679.72
55200 -679.435
55400 -678.72
55600 -677.21
55800 -676.295
56000 -675.075
56200 -674.075
56400 -673.31
56600 -672.645
56800 -671.705
57000 -670.97
57200 -669.79
57400 -669.29
57600 -668.69
57800 -668.31
58000 -667.89
58200 -667.16
58400 -666.515
58600 -666.075
58800 -665.845
59000 -665.255
59200 -664.58
59400 -664.205
59600 -663.865
59800 -662.935
60000 -662.345
60200 -661.275
60400 -660.69
60600 -660.58
60800 -660.38
61000 -659.625
61200 -659.335
61400 -658.86
61600 -658.385
61800 -657.815
62000 -657.235
62200 -656.38
62400 -656.065
62600 -655.215
62800 -654.96
63000 -653.99
63200 -653.435
63400 -652.815
63600 -652.045
63800 -651.51
64000 -651.09
64200 -650.89
64400 -649.725
64600 -649.2
64800 -648.355
65000 -648.045
65200 -647.785
65400 -647.54
65600 -647.255
65800 -646.57
66000 -645.71
66200 -644.625
66400 -644.45
66600 -643.95
66800 -643.49
67000 -643.26
67200 -642.415
67400 -642.18
67600 -641.51
67800 -640.85
68000 -640.45
68200 -639.825
68400 -639.235
68600 -638.835
68800 -638.47
69000 -637.72
69200 -637.365
69400 -636.92
69600 -636.28
69800 -635.885
70000 -635.445
70200 -634.83
70400 -634.13
70600 -633.93
70800 -633.375
71000 -632.9
71200 -632.28
71400 -632.02
71600 -631.4
71800 -630.525
72000 -630.16
72200 -629.585
72400 -629.12
72600 -628.315
72800 -627.82
73000 -627.435
73200 -627.105
73400 -626.385
73600 -626.095
73800 -625.685
74000 -624.615
74200 -624.17
74400 -623.79
74600 -622.26
74800 -621.91
75000 -621.555
75200 -621.24
75400 -620.235
75600 -619.545
75800 -619.15
76000 -618.77
76200 -618.465
76400 -618.16
76600 -617.9
76800 -617.685
77000 -617.485
77200 -616.765
77400 -615.85
77600 -615.75
77800 -615.21
78000 -614.84
78200 -614.575
78400 -614.125
78600 -613.605
78800 -613.23
79000 -612.575
79200 -611.95
79400 -611.45
79600 -611.07
79800 -610.755
80000 -610.13
80200 -609.755
80400 -609.45
80600 -608.465
80800 -608.08
81000 -607.615
81200 -607.335
81400 -606.925
81600 -606.31
81800 -605.7
82000 -605.36
82200 -605.185
82400 -604.83
82600 -604.26
82800 -603.685
83000 -603.01
83200 -602.665
83400 -602.195
83600 -601.93
83800 -601.62
84000 -601.2
84200 -600.855
84400 -600.02
84600 -599.56
84800 -599.435
85000 -598.765
85200 -598.69
85400 -598.52
85600 -598.275
85800 -597.955
86000 -597.67
86200 -597.285
86400 -596.775
86600 -596.63
86800 -596.32
87000 -595.865
87200 -595.56
87400 -594.985
87600 -594.79
87800 -594.37
88000 -594.275
88200 -594.095
88400 -594.055
88600 -593.67
88800 -593.12
89000 -592.54
89200 -592.445
89400 -592.21
89600 -591.755
89800 -591.62
90000 -591.41
90200 -591.34
90400 -591.175
90600 -590.955
90800 -590.46
91000 -590.41
91200 -589.985
91400 -589.68
91600 -589.65
91800 -589.205
92000 -588.905
92200 -588.655
92400 -588.455
92600 -588.115
92800 -588.02
93000 -587.425
93200 -537.58
93400 -537.405
93600 -537.145
93800 -536.945
94000 -536.665
94200 -536.375
94400 -536.335
94600 -535.855
94800 -535.645
95000 -535.325
95200 -535
95400 -534.625
95600 -534.385
95800 -534.17
96000 -533.745
96200 -533.395
96400 -532.92
96600 -532.705
96800 -532.57
97000 -532.195
97200 -532.02
97400 -531.145
97600 -530.935
97800 -530.68
98000 -530.35
98200 -530.17
98400 -529.815
98600 -529.11
98800 -528.97
99000 -528.67
99200 -528.185
99400 -528.09
99600 -527.72
99800 -527.23
100000 -527.11
100200 -526.985
100400 -526.955
100600 -526.58
100800 -526.58
101000 -526.325
101200 -526.26
101400 -526.05
101600 -525.915
101800 -525.68
102000 -525.505
102200 -525.35
102400 -525.185
102600 -524.88
102800 -524.7
103000 -524.3
103200 -524.07
103400 -523.85
103600 -523.57
