400 -1080783 14
600 -860750 14
800 -860750 14
1000 -860750 14
1200 -860750 14
1400 -860750 14
1600 -860750 14
1800 -580786 14
2000 -580786 14
2200 -580786 14
2400 -580786 14
2600 -580786 14
2800 -580786 14
3000 -580786 14
3200 -580786 14
3400 -580786 14
3600 -530744 14
3800 -530744 14
4000 -530744 14
4200 -530744 14
4400 -510779 14
4600 -510779 14
4800 -460733 14
5000 -460733 14
5200 -460733 14
5400 -460733 14
5600 -460733 14
5800 -460733 14
6000 -460733 14
6200 -460733 14
6400 -460733 14
6600 -460733 14
6800 -460733 14
7000 -460733 14
7200 -460733 14
7400 -460733 14
7600 -460733 14
7800 -430800 14
8000 -430800 14
8200 -420795 14
8400 -420731 14
8600 -420731 14
8800 -360765 14
9000 -360765 14
9200 -360765 14
9400 -300780 14
9600 -300780 14
9800 -300780 14
10000 -300780 14
10200 -300780 14
10400 -290828 14
10600 -270773 14
10800 -270773 14
11000 -270773 14
11200 -270773 14
11400 -270735 14
11600 -270735 14
11800 -270735 14
12000 -230783 14
12200 -230783 14
12400 -230783 14
12600 -230783 14
12800 -230783 14
13000 -230783 14
13200 -80778 14
13400 -80778 14
13600 -80778 14
13800 -80778 14
14000 -80778 14
14200 -80778 14
14400 -80778 14
14600 -80778 14
14800 -80778 14
15000 -80778 14
15200 -80778 14
15400 -80778 14
15600 -80778 14
15800 -80778 14
16000 -80778 14
16200 -80778 14
16400 -80778 14
16600 -80778 14
16800 -80778 14
17000 -70788 14
17200 -70788 14
17400 -50762 14
17600 -50762 14
17800 -50762 14
18000 -50762 14
18200 -50762 14
18400 -50762 14
18600 -30763 14
18800 -30763 14
19000 -30763 14
19200 -30763 14
19400 -30763 14
19600 -30763 14
19800 -30763 14
20000 -30763 14
20200 -30763 14
20400 -30763 14
20600 -30763 14
20800 -20712 14
21000 -20712 14
21200 -20712 14
21400 -20712 14
21600 -20712 14
21800 -20712 14
22000 -20712 14
22200 -20712 14
22400 -10762 14
22600 -10762 14
22800 -10731 14
23000 -10731 14
23200 -10725 14
23400 -10725 14
23600 -10725 14
23800 -10725 14
24000 -10725 14
24200 -10725 14
24400 -10725 14
24600 -10725 14
24800 -10725 14
25000 -880 14
25200 -880 14
25400 -880 14
25600 -855 14
25800 -855 14
26000 -840 14
26200 -798 14
26400 -791 14
26600 -767 14
26800 -767 14
27000 -767 14
27200 -732 14
27400 -732 14
27600 -732 14
27800 -732 14
28000 -718 14
28200 -718 14
28400 -718 14
28600 -718 14
28800 -718 14
29000 -718 14
29200 -718 14
29400 -718 14
29600 -718 14
29800 -712 14
30000 -712 14
30200 -712 14
30400 -712 14
30600 -712 14
30800 -712 14
31000 -702 14
31200 -702 14
31400 -702 14
31600 -702 14
31800 -687 14
32000 -687 14
32200 -687 14
32400 -663 14
32600 -663 14
32800 -663 14
33000 -663 14
33200 -663 14
33400 -663 14
33600 -663 14
33800 -663 14
34000 -663 14
34200 -663 14
34400 -663 14
34600 -663 14
34800 -663 14
35000 -644 14
35200 -644 14
35400 -644 14
35600 -636 14
35800 -636 14
36000 -636 14
36200 -636 14
36400 -636 14
36600 -636 14
36800 -636 14
37000 -636 14
37200 -636 14
37400 -636 14
37600 -636 14
37800 -636 14
38000 -636 14
38200 -636 14
38400 -636 14
38600 -636 14
38800 -636 14
39000 -636 14
39200 -636 14
39400 -636 14
39600 -596 14
39800 -596 14
40000 -596 14
40200 -596 14
40400 -596 14
40600 -596 14
40800 -573 14
41000 -573 14
41200 -573 14
41400 -573 14
41600 -573 14
41800 -573 14
42000 -573 14
42200 -573 14
42400 -573 14
42600 -573 14
42800 -573 14
43000 -573 14
43200 -573 14
43400 -573 14
43600 -573 14
43800 -552 14
44000 -552 14
44200 -552 14
44400 -552 14
44600 -552 14
44800 -552 14
45000 -552 14
45200 -552 14
45400 -552 14
45600 -552 14
45800 -552 14
46000 -552 14
46200 -552 14
46400 -552 14
46600 -552 14
46800 -552 14
47000 -552 14
47200 -552 14
47400 -552 14
47600 -552 14
47800 -552 14
48000 -552 14
48200 -552 14
48400 -552 14
48600 -552 14
48800 -552 14
49000 -552 14
49200 -552 14
49400 -552 14
49600 -552 14
49800 -552 14
50000 -552 14
50200 -552 14
50400 -552 14
50600 -552 14
50800 -552 14
51000 -552 14
51200 -552 14
51400 -552 14
51600 -552 14
51800 -552 14
52000 -552 14
52200 -552 14
52400 -552 14
52600 -552 14
52800 -552 14
53000 -552 14
53200 -552 14
53400 -552 14
53600 -552 14
53800 -552 14
54000 -552 14
54200 -551 14
54400 -551 14
54600 -551 14
54800 -551 14
55000 -551 14
55200 -551 14
55400 -551 14
55600 -551 14
55800 -551 14
56000 -551 14
56200 -551 14
56400 -551 14
56600 -551 14
56800 -551 14
57000 -551 14
57200 -551 14
57400 -551 14
57600 -551 14
57800 -551 14
58000 -551 14
58200 -551 14
58400 -551 14
58600 -551 14
58800 -551 14
59000 -551 14
59200 -551 14
59400 -551 14
59600 -551 14
59800 -551 14
60000 -551 14
60200 -551 14
60400 -551 14
60600 -551 14
60800 -551 14
61000 -551 14
61200 -551 14
61400 -551 14
61600 -551 14
61800 -551 14
62000 -540 14
62200 -540 14
62400 -540 14
62600 -540 14
62800 -540 14
63000 -540 14
63200 -540 14
63400 -540 14
63600 -540 14
63800 -540 14
64000 -540 14
64200 -540 14
64400 -540 14
64600 -540 14
64800 -538 14
65000 -538 14
65200 -538 14
65400 -538 14
65600 -538 14
65800 -538 14
66000 -538 14
66200 -538 14
66400 -538 14
66600 -538 14
66800 -538 14
67000 -538 14
67200 -521 14
67400 -521 14
67600 -521 14
67800 -521 14
68000 -521 14
68200 -521 14
68400 -521 14
68600 -521 14
68800 -521 14
69000 -521 14
69200 -521 14
69400 -521 14
69600 -521 14
69800 -521 14
70000 -521 14
70200 -521 14
70400 -521 14
70600 -521 14
70800 -521 14
71000 -521 14
71200 -521 14
71400 -521 14
71600 -521 14
71800 -521 14
72000 -521 14
72200 -516 14
72400 -516 14
72600 -516 14
72800 -516 14
73000 -516 14
73200 -516 14
73400 -510 14
73600 -510 14
73800 -510 14
74000 -510 14
74200 -510 14
74400 -510 14
74600 -510 14
74800 -510 14
75000 -510 14
75200 -510 14
75400 -510 14
75600 -510 14
75800 -510 14
76000 -510 14
76200 -510 14
76400 -507 14
76600 -507 14
76800 -507 14
77000 -507 14
77200 -507 14
77400 -507 14
77600 -507 14
77800 -503 14
78000 -503 14
78200 -503 14
78400 -503 14
78600 -503 14
78800 -503 14
79000 -503 14
79200 -503 14
79400 -503 14
79600 -503 14
79800 -503 14
80000 -503 14
80200 -503 14
80400 -493 14
80600 -493 14
80800 -493 14
81000 -493 14
81200 -493 14
81400 -493 14
81600 -493 14
81800 -493 14
82000 -493 14
82200 -493 14
82400 -493 14
82600 -493 14
82800 -493 14
83000 -493 14
83200 -493 14
83400 -493 14
83600 -493 14
83800 -493 14
84000 -493 14
84200 -493 14
84400 -493 14
84600 -493 14
84800 -493 14
85000 -493 14
85200 -493 14
85400 -493 14
85600 -493 14
85800 -493 14
86000 -493 14
86200 -493 14
86400 -493 14
86600 -493 14
86800 -493 14
87000 -493 14
87200 -493 14
87400 -493 14
87600 -493 14
87800 -493 14
88000 -493 14
88200 -492 14
88400 -492 14
88600 -492 14
88800 -492 14
89000 -492 14
89200 -492 14
89400 -492 14
89600 -492 14
89800 -492 14
90000 -492 14
90200 -492 14
90400 -492 14
90600 -492 14
90800 -492 14
91000 -492 14
91200 -492 14
91400 -487 14
91600 -487 14
91800 -487 14
92000 -487 14
92200 -487 14
92400 -487 14
92600 -487 14
92800 -487 14
93000 -487 14
93200 -487 14
93400 -487 14
93600 -487 14
93800 -487 14
94000 -487 14
94200 -487 14
94400 -487 14
94600 -487 14
94800 -487 14
95000 -487 14
95200 -479 14
95400 -479 14
95600 -479 14
95800 -479 14
96000 -479 14
96200 -479 14
96400 -479 14
96600 -479 14
96800 -479 14
97000 -479 14
97200 -479 14
97400 -479 14
97600 -479 14
97800 -475 14
98000 -475 14
98200 -475 14
98400 -475 14
98600 -475 14
98800 -475 14
99000 -475 14
99200 -475 14
99400 -475 14
99600 -475 14
99800 -475 14
100000 -475 14
100200 -475 14
100400 -475 14
100600 -475 14
100800 -475 14
101000 -475 14
101200 -475 14
101400 -475 14
101600 -475 14
101800 -475 14
102000 -475 14
102200 -475 14
102400 -475 14
102600 -475 14
102800 -475 14
103000 -475 14
103200 -475 14
103400 -475 14
103600 -475 14
